mc1	mc2
1	1
1	2
1	49
1	51
1	252
2	1
2	2
2	13
2	33
2	42
2	51
3	3
3	4
3	14
3	30
3	52
4	3
4	4
4	9
4	12
4	15
4	20
4	29
4	39
5	5
5	10
5	17
5	20
5	29
5	34
5	35
6	6
6	14
6	24
6	26
6	34
6	40
7	7
7	15
7	26
7	30
7	36
7	38
7	47
8	8
8	19
8	20
8	22
8	26
8	32
8	37
9	4
9	9
9	24
9	28
9	33
9	39
9	46
10	5
10	10
10	16
10	17
10	21
10	22
10	33
11	11
11	12
11	25
11	30
11	33
11	40
12	4
12	11
12	12
12	13
12	15
12	31
12	46
13	2
13	12
13	13
13	21
13	25
14	3
14	6
14	14
14	16
14	24
14	25
14	30
14	48
15	4
15	7
15	12
15	15
15	20
15	26
16	10
16	14
16	16
16	27
16	30
16	32
16	38
17	5
17	10
17	17
17	26
17	28
17	40
18	18
18	19
18	33
18	41
18	44
19	8
19	18
19	19
19	33
19	41
19	44
20	4
20	5
20	8
20	15
20	20
20	29
20	35
20	43
21	10
21	13
21	21
21	23
21	26
21	36
22	8
22	10
22	22
22	23
22	32
22	38
22	43
23	21
23	22
23	23
23	28
23	37
23	44
23	46
24	6
24	9
24	14
24	24
24	27
24	42
24	46
24	48
25	11
25	13
25	14
25	25
25	28
25	36
25	42
26	6
26	7
26	8
26	15
26	17
26	21
26	26
26	43
27	16
27	24
27	27
27	45
27	48
28	9
28	17
28	23
28	25
28	28
28	46
28	47
29	4
29	5
29	20
29	29
29	36
29	39
29	43
30	3
30	7
30	11
30	14
30	16
30	30
30	32
30	37
31	12
31	31
31	39
32	8
32	16
32	22
32	30
32	32
32	34
32	38
33	2
33	9
33	10
33	11
33	18
33	19
33	33
34	5
34	6
34	32
34	34
34	35
34	36
35	5
35	20
35	34
35	35
35	38
35	40
35	47
36	7
36	21
36	25
36	29
36	34
36	36
36	45
37	8
37	23
37	30
37	37
37	39
37	44
37	48
38	7
38	16
38	22
38	32
38	35
38	38
38	46
39	4
39	9
39	29
39	31
39	37
39	39
39	46
39	48
40	6
40	11
40	17
40	35
40	40
41	18
41	19
41	41
41	44
42	2
42	24
42	25
42	42
42	45
43	20
43	22
43	26
43	29
43	43
43	45
44	18
44	19
44	23
44	37
44	41
44	44
45	27
45	36
45	42
45	43
45	45
45	47
46	9
46	12
46	23
46	24
46	28
46	38
46	39
46	46
47	7
47	28
47	35
47	45
47	47
47	48
48	14
48	24
48	27
48	37
48	39
48	47
48	48
49	1
49	49
49	50
49	58
49	60
49	61
49	252
49	254
50	49
50	50
50	53
50	54
50	55
50	58
50	61
50	252
51	1
51	2
51	51
51	52
51	57
51	59
52	3
52	51
52	52
52	53
52	55
52	56
52	57
52	59
53	50
53	52
53	53
53	54
53	55
54	50
54	53
54	54
54	55
54	56
54	57
54	58
54	61
55	50
55	52
55	53
55	54
55	55
55	56
55	57
55	60
56	52
56	54
56	55
56	56
56	57
56	60
57	51
57	52
57	54
57	55
57	56
57	57
57	60
58	49
58	50
58	54
58	58
58	59
58	60
58	61
59	51
59	52
59	58
59	59
59	60
59	61
59	94
60	49
60	55
60	56
60	57
60	58
60	59
60	60
60	61
61	49
61	50
61	54
61	58
61	59
61	60
61	61
62	62
62	68
62	73
62	269
62	270
62	285
63	63
63	66
63	67
63	69
63	70
63	77
63	288
63	289
64	64
64	65
64	66
64	67
64	76
64	79
65	64
65	65
65	66
65	67
65	68
65	75
65	80
66	63
66	64
66	65
66	66
66	67
66	68
66	70
66	76
67	63
67	64
67	65
67	66
67	67
67	68
67	77
68	62
68	65
68	66
68	67
68	68
68	70
68	77
68	80
69	63
69	69
69	70
69	72
69	76
69	77
69	80
69	88
69	89
70	63
70	66
70	68
70	69
70	70
70	77
70	89
70	289
71	71
71	72
71	73
71	74
71	75
71	265
72	69
72	71
72	72
72	74
72	75
72	76
72	264
73	62
73	71
73	73
73	269
73	270
73	272
73	285
74	71
74	72
74	74
74	264
74	265
74	267
74	268
75	65
75	71
75	72
75	75
75	76
75	80
76	64
76	66
76	69
76	72
76	75
76	76
76	88
77	63
77	67
77	68
77	69
77	70
77	77
77	89
77	289
78	78
78	82
78	85
78	86
78	87
78	88
78	92
79	64
79	79
79	81
79	91
79	99
79	100
80	65
80	68
80	69
80	75
80	80
80	85
80	87
80	273
81	79
81	81
81	84
81	91
81	95
81	96
81	100
82	78
82	82
82	85
82	87
82	88
82	90
82	92
83	83
83	84
83	85
83	86
83	88
83	89
84	81
84	83
84	84
84	86
84	90
84	91
84	92
85	78
85	80
85	82
85	83
85	85
85	88
85	90
85	91
86	78
86	83
86	84
86	86
86	87
86	88
86	89
87	78
87	80
87	82
87	86
87	87
87	92
88	69
88	76
88	78
88	82
88	83
88	85
88	86
88	88
89	69
89	70
89	77
89	83
89	86
89	89
89	205
90	82
90	84
90	85
90	90
90	91
90	92
91	79
91	81
91	84
91	85
91	90
91	91
92	78
92	82
92	84
92	87
92	90
92	92
93	93
93	240
93	243
93	244
93	245
93	246
93	247
94	59
94	94
94	239
94	248
95	81
95	95
95	96
95	97
95	99
95	100
95	104
96	81
96	95
96	96
96	97
96	100
96	102
97	95
97	96
97	97
97	98
97	99
97	100
97	103
97	104
98	97
98	98
98	99
98	100
98	101
98	103
98	261
99	79
99	95
99	97
99	98
99	99
99	101
99	102
99	104
100	79
100	81
100	95
100	96
100	97
100	98
100	100
101	98
101	99
101	101
101	102
101	103
101	104
101	205
101	262
102	96
102	99
102	101
102	102
102	103
102	104
102	262
103	97
103	98
103	101
103	102
103	103
103	104
103	235
103	236
104	95
104	97
104	99
104	101
104	102
104	103
104	104
105	105
105	107
105	111
105	276
105	284
106	106
106	108
106	109
106	177
107	105
107	107
107	108
107	109
107	112
107	276
107	280
107	281
108	106
108	107
108	108
108	109
108	113
108	114
108	274
109	106
109	107
109	108
109	109
109	114
109	177
109	178
110	110
110	111
110	275
110	279
110	280
111	105
111	110
111	111
111	112
111	174
111	280
112	107
112	111
112	112
112	114
112	276
113	108
113	113
113	114
113	176
113	177
113	281
114	108
114	109
114	112
114	113
114	114
114	177
114	178
115	115
115	118
115	124
115	137
115	145
116	116
116	120
116	130
116	136
116	139
116	140
116	144
117	117
117	124
117	136
117	137
117	141
117	142
118	115
118	118
118	122
118	126
118	131
118	139
118	140
119	119
119	128
119	130
119	131
119	137
119	142
119	144
120	116
120	120
120	121
120	125
120	127
120	131
120	134
121	120
121	121
121	126
121	128
121	129
121	138
121	143
121	145
122	118
122	122
122	125
122	126
122	132
122	134
122	135
123	123
123	125
123	131
123	133
123	135
123	140
123	141
123	144
124	115
124	117
124	124
124	125
124	127
124	130
124	138
124	145
125	120
125	122
125	123
125	124
125	125
125	129
125	142
125	143
126	118
126	121
126	122
126	126
126	127
126	133
126	134
126	136
127	120
127	124
127	126
127	127
127	128
127	131
127	136
128	119
128	121
128	127
128	128
128	129
128	131
128	133
129	121
129	125
129	128
129	129
129	130
129	132
129	141
129	143
129	144
130	116
130	119
130	124
130	129
130	130
130	131
130	135
131	118
131	119
131	120
131	123
131	127
131	128
131	130
131	131
132	122
132	129
132	132
132	138
133	123
133	126
133	128
133	133
133	134
133	145
134	120
134	122
134	126
134	133
134	134
134	139
134	140
134	141
135	122
135	123
135	130
135	135
135	145
136	116
136	117
136	126
136	127
136	136
136	138
137	115
137	117
137	119
137	137
137	139
137	142
137	145
138	121
138	124
138	132
138	136
138	138
138	143
139	116
139	118
139	134
139	137
139	139
139	141
139	143
139	144
140	116
140	118
140	123
140	134
140	140
140	142
141	117
141	123
141	129
141	134
141	139
141	141
141	142
142	117
142	119
142	125
142	137
142	140
142	141
142	142
142	144
143	121
143	125
143	129
143	138
143	139
143	143
144	116
144	119
144	123
144	129
144	139
144	142
144	144
145	115
145	121
145	124
145	133
145	135
145	137
145	145
146	146
146	147
146	148
146	156
146	158
146	163
146	180
146	187
146	188
147	146
147	147
147	148
147	149
147	151
147	155
147	158
147	186
147	189
148	146
148	147
148	148
148	149
148	158
149	147
149	148
149	149
149	150
149	154
149	167
149	170
149	187
150	149
150	150
150	153
150	154
150	156
150	170
151	147
151	151
151	153
151	155
151	157
151	159
151	169
151	171
152	152
152	158
152	161
152	168
152	169
153	150
153	151
153	153
153	159
153	168
153	170
153	171
154	149
154	150
154	154
154	156
154	157
154	159
154	170
155	147
155	151
155	155
155	156
155	157
155	188
155	189
155	190
156	146
156	150
156	154
156	155
156	156
156	157
156	169
156	188
157	151
157	154
157	155
157	156
157	157
157	159
157	170
158	146
158	147
158	148
158	152
158	158
158	183
158	190
159	151
159	153
159	154
159	157
159	159
159	190
159	191
159	192
160	160
160	163
160	164
160	168
160	172
160	173
160	174
160	176
161	152
161	161
161	165
161	166
161	168
161	169
161	175
162	162
162	165
162	166
162	167
162	168
162	170
162	171
162	174
162	178
163	146
163	160
163	163
163	164
163	171
163	173
163	187
164	160
164	163
164	164
164	173
164	175
164	176
164	178
165	161
165	162
165	165
165	166
165	167
165	171
165	176
166	161
166	162
166	165
166	166
166	167
166	168
166	172
167	149
167	162
167	165
167	166
167	167
167	172
168	152
168	153
168	160
168	161
168	162
168	166
168	168
168	175
169	151
169	152
169	156
169	161
169	169
169	170
170	149
170	150
170	153
170	154
170	157
170	162
170	169
170	170
171	151
171	153
171	162
171	163
171	165
171	171
172	160
172	166
172	167
172	172
172	173
172	176
173	160
173	163
173	164
173	172
173	173
173	174
173	178
174	111
174	160
174	162
174	173
174	174
174	177
175	161
175	164
175	168
175	175
175	176
175	177
176	113
176	160
176	164
176	165
176	172
176	175
176	176
176	177
177	106
177	109
177	113
177	114
177	174
177	175
177	176
177	177
178	109
178	114
178	162
178	164
178	173
178	178
179	179
179	180
179	193
179	205
179	225
179	263
180	146
180	179
180	180
180	181
180	182
180	187
180	193
180	225
181	180
181	181
181	182
181	184
181	185
181	186
181	187
182	180
182	181
182	182
182	184
182	185
182	186
182	187
183	158
183	183
183	184
183	188
183	190
183	191
183	273
184	181
184	182
184	183
184	184
184	185
184	186
184	188
184	189
185	181
185	182
185	184
185	185
185	186
186	147
186	181
186	182
186	184
186	185
186	186
187	146
187	149
187	163
187	180
187	181
187	182
187	187
187	196
188	146
188	155
188	156
188	183
188	184
188	188
188	189
188	190
189	147
189	155
189	184
189	188
189	189
189	190
190	155
190	158
190	159
190	183
190	188
190	189
190	190
191	159
191	183
191	191
191	192
191	271
191	272
191	273
191	279
192	159
192	191
192	192
192	270
192	271
192	272
192	279
193	179
193	180
193	193
193	194
193	263
193	267
194	193
194	194
194	263
194	266
194	268
194	272
195	195
195	196
195	197
195	198
195	200
195	249
195	251
196	187
196	195
196	196
196	197
196	199
196	200
196	201
197	195
197	196
197	197
197	199
197	200
197	207
198	195
198	198
198	202
198	207
198	208
198	249
199	196
199	197
199	199
199	200
199	201
199	204
199	208
200	195
200	196
200	197
200	199
200	200
200	201
201	196
201	199
201	200
201	201
201	203
201	204
201	256
202	198
202	202
202	206
202	207
202	208
202	250
203	201
203	203
203	204
203	256
203	257
203	258
203	259
204	199
204	201
204	203
204	204
204	256
204	257
204	258
204	259
205	89
205	101
205	179
205	205
205	225
205	229
205	260
206	202
206	206
206	207
206	208
206	229
206	230
207	197
207	198
207	202
207	206
207	207
207	208
208	198
208	199
208	202
208	206
208	207
208	208
209	209
209	210
209	213
209	216
209	220
209	227
209	228
210	209
210	210
210	211
210	212
210	213
210	215
210	222
210	223
210	227
211	210
211	211
211	212
211	213
211	215
211	217
211	218
211	228
212	210
212	211
212	212
212	213
212	214
212	223
212	227
212	228
213	209
213	210
213	211
213	212
213	213
213	227
213	228
214	212
214	214
214	215
214	218
214	219
214	222
214	223
214	226
215	210
215	211
215	214
215	215
215	221
215	222
215	224
216	209
216	216
216	220
216	222
216	223
217	211
217	217
217	218
217	227
217	233
218	211
218	214
218	217
218	218
218	225
218	226
218	228
219	214
219	219
219	222
219	224
219	226
219	229
219	232
219	234
220	209
220	216
220	220
220	221
220	223
220	224
220	233
221	215
221	220
221	221
221	222
221	223
221	224
221	231
221	233
221	234
222	210
222	214
222	215
222	216
222	219
222	221
222	222
222	223
222	233
223	210
223	212
223	214
223	216
223	220
223	221
223	222
223	223
223	224
224	215
224	219
224	220
224	221
224	223
224	224
224	231
224	234
225	179
225	180
225	205
225	218
225	225
225	226
225	228
226	214
226	218
226	219
226	225
226	226
227	209
227	210
227	212
227	213
227	217
227	227
227	228
228	209
228	211
228	212
228	213
228	218
228	225
228	227
228	228
229	205
229	206
229	219
229	229
229	230
229	232
229	235
230	206
230	229
230	230
230	231
230	232
230	234
230	235
230	239
231	221
231	224
231	230
231	231
231	232
231	233
231	234
232	219
232	229
232	230
232	231
232	232
232	233
232	234
233	217
233	220
233	221
233	222
233	231
233	232
233	233
233	234
234	219
234	221
234	224
234	230
234	231
234	232
234	233
234	234
234	239
235	103
235	229
235	230
235	235
235	236
235	239
236	103
236	235
236	236
236	239
236	242
236	273
237	237
237	238
238	237
238	238
238	239
239	94
239	230
239	234
239	235
239	236
239	238
239	239
239	248
240	93
240	240
240	241
240	242
240	243
240	245
240	246
241	240
241	241
241	242
241	243
241	245
241	247
242	236
242	240
242	241
242	242
242	244
242	245
242	247
242	273
243	93
243	240
243	241
243	243
243	244
243	246
244	93
244	242
244	243
244	244
244	245
244	246
244	247
245	93
245	240
245	241
245	242
245	244
245	245
245	246
245	247
246	93
246	240
246	243
246	244
246	245
246	246
246	247
247	93
247	241
247	242
247	244
247	245
247	246
247	247
248	94
248	239
248	248
249	195
249	198
249	249
249	250
249	251
249	253
249	255
250	202
250	249
250	250
250	251
250	252
250	253
250	254
250	255
251	195
251	249
251	250
251	251
251	253
251	254
251	255
252	1
252	49
252	50
252	250
252	252
252	254
252	255
253	249
253	250
253	251
253	253
253	254
253	255
254	49
254	250
254	251
254	252
254	253
254	254
254	255
255	249
255	250
255	251
255	252
255	253
255	254
255	255
256	201
256	203
256	204
256	256
256	257
256	258
256	259
257	203
257	204
257	256
257	257
257	259
257	261
257	262
258	203
258	204
258	256
258	258
258	259
258	261
258	262
259	203
259	204
259	256
259	257
259	258
259	259
259	261
260	205
260	260
260	277
260	278
260	282
260	287
261	98
261	257
261	258
261	259
261	261
261	262
262	101
262	102
262	257
262	258
262	261
262	262
263	179
263	193
263	194
263	263
263	266
263	267
263	268
264	72
264	74
264	264
264	265
264	266
264	267
264	268
265	71
265	74
265	264
265	265
265	266
265	267
265	268
266	194
266	263
266	264
266	265
266	266
266	267
266	268
267	74
267	193
267	263
267	264
267	265
267	266
267	267
267	268
268	74
268	194
268	263
268	264
268	265
268	266
268	267
268	268
269	62
269	73
269	269
269	270
269	271
269	273
270	62
270	73
270	192
270	269
270	270
270	271
271	191
271	192
271	269
271	270
271	271
271	272
271	279
271	285
272	73
272	191
272	192
272	194
272	271
272	272
272	279
273	80
273	183
273	191
273	236
273	242
273	269
273	273
274	108
274	274
274	275
274	276
274	277
274	281
275	110
275	274
275	275
275	279
275	280
275	281
275	284
276	105
276	107
276	112
276	274
276	276
276	277
276	282
276	283
277	260
277	274
277	276
277	277
277	278
277	280
277	281
278	260
278	277
278	278
278	281
278	283
278	284
278	286
279	110
279	191
279	192
279	271
279	272
279	275
279	279
280	107
280	110
280	111
280	275
280	277
280	280
281	107
281	113
281	274
281	275
281	277
281	278
281	281
282	260
282	276
282	282
282	283
282	284
282	288
282	289
283	276
283	278
283	282
283	283
283	284
283	286
283	287
284	105
284	275
284	278
284	282
284	283
284	284
284	287
284	288
285	62
285	73
285	271
285	285
285	286
285	288
286	278
286	283
286	285
286	286
286	287
286	288
286	289
287	260
287	283
287	284
287	286
287	287
287	288
287	289
288	63
288	282
288	284
288	285
288	286
288	287
288	288
288	289
289	63
289	70
289	77
289	282
289	286
289	287
289	288
289	289
